0 0.15625 0.1474609375 0.2158203125 0.26171875
0 0.2568359375 0.0244140625 0.0146484375 0.0263671875
0 0.345703125 0.1875 0.1416015625 0.2890625
0 0.234375 0.3955078125 0.2080078125 0.2138671875
0 0.341796875 0.65234375 0.1708984375 0.2783203125
0 0.1748046875 0.6259765625 0.15625 0.267578125
0 0.5283203125 0.1630859375 0.2080078125 0.2509765625
0 0.734375 0.16015625 0.2041015625 0.2353515625
0 0.4345703125 0.4443359375 0.193359375 0.224609375
0 0.841796875 0.6044921875 0.2197265625 0.24609375
0 0.5205078125 0.66796875 0.1630859375 0.24609375
0 0.2412109375 0.861328125 0.23046875 0.2353515625
0 0.4404296875 0.884765625 0.16015625 0.2197265625
0 0.611328125 0.3798828125 0.1748046875 0.2783203125
0 0.6708984375 0.607421875 0.1376953125 0.2509765625
0 0.7978515625 0.4091796875 0.1669921875 0.26171875
0 0.625 0.8505859375 0.201171875 0.2783203125
0 0.8232421875 0.85546875 0.189453125 0.267578125