0 0.84375 0.1474609375 0.2158203125 0.26171875
0 0.7431640625 0.0244140625 0.0146484375 0.0263671875
0 0.654296875 0.1875 0.1416015625 0.2890625
0 0.765625 0.3955078125 0.2080078125 0.2138671875
0 0.658203125 0.65234375 0.1708984375 0.2783203125
0 0.8251953125 0.6259765625 0.15625 0.267578125
0 0.4716796875 0.1630859375 0.2080078125 0.2509765625
0 0.265625 0.16015625 0.2041015625 0.2353515625
0 0.5654296875 0.4443359375 0.193359375 0.224609375
0 0.158203125 0.6044921875 0.2197265625 0.24609375
0 0.4794921875 0.66796875 0.1630859375 0.24609375
0 0.7587890625 0.861328125 0.23046875 0.2353515625
0 0.5595703125 0.884765625 0.16015625 0.2197265625
0 0.388671875 0.3798828125 0.1748046875 0.2783203125
0 0.3291015625 0.607421875 0.1376953125 0.2509765625
0 0.2021484375 0.4091796875 0.1669921875 0.26171875
0 0.375 0.8505859375 0.201171875 0.2783203125
0 0.1767578125 0.85546875 0.189453125 0.267578125